CONFIGURATION_15-PLANE_1-OBJECT_2-magnitude-g	CONFIGURATION_15-PLANE_1-OBJECT_2-magnitude-r	CONFIGURATION_15-PLANE_1-OBJECT_2-magnitude-i	CONFIGURATION_15-PLANE_1-OBJECT_2-magnitude-z	CONFIGURATION_15-PLANE_1-OBJECT_4-magnitude-g	CONFIGURATION_15-PLANE_1-OBJECT_4-magnitude-r	CONFIGURATION_15-PLANE_1-OBJECT_4-magnitude-i	CONFIGURATION_15-PLANE_1-OBJECT_4-magnitude-z	WEIGHT
23.98416328	23.17529678	21.46174049	20.65280724	20.51156044	19.03479004	18.11443329	17.7149334	1.0
24.81497574	23.47717476	22.26411819	21.86281013	21.15604973	20.65056038	20.51195717	20.43138313	1.0
24.20736885	22.64704704	21.91232872	21.42547417	26.21597672	24.0723629	22.78212929	22.30285263	1.0
24.03268433	22.4668541	21.56615257	21.09236336	23.8407135	22.68757439	22.0367775	21.53777313	1.0
25.39842987	23.37323189	22.03969193	21.42487907	23.11367989	22.13337135	21.67446518	21.37361145	1.0
21.08764076	20.71835709	20.58398819	20.55315018	24.25396538	22.72846603	21.64667511	21.26615524	1.0
23.32195282	21.70376205	20.14820099	19.47726822	21.2866745	19.7749176	18.35130882	17.73734665	1.0
24.82148361	23.42022514	21.88663483	21.29700661	24.99129105	23.36468124	22.06415367	21.34092331	1.0
25.39189339	23.75870895	22.14538002	21.57512665	22.68082809	21.72545433	21.273489	21.05811882	1.0
18.48062897	17.08407593	16.20079613	15.81668377	22.41674042	20.88818741	19.91143799	19.49281311	1.0
22.28468513	21.31746483	20.98458481	20.76566887	22.75915909	22.16503143	21.9888401	21.99713516	1.0
18.12088013	17.31524467	17.0688591	16.94071007	19.97359085	19.44116211	19.25099373	19.17089081	1.0
20.98176575	20.68518639	20.63108063	20.6182518	22.36554718	22.26578712	22.2526226	21.86035156	1.0
25.51394463	24.08764076	22.8354187	22.38483429	24.29564857	22.6558857	21.92014694	21.65999985	1.0
22.83474541	21.39182854	20.23596001	19.75671387	21.17853355	20.9104023	20.81826401	20.85894775	1.0
21.15111351	19.75450325	18.94014359	18.57527161	23.03689194	21.53871346	20.55068779	20.09424973	1.0
22.87841225	21.26761055	19.82362556	19.18543816	21.48538399	20.16509438	19.40836716	19.06324959	1.0
23.90320587	22.72785187	22.26185799	22.19234467	24.39460754	22.9395752	21.58961105	21.06597328	1.0
21.7891655	20.62282944	20.18894196	19.96216774	21.79244041	20.31626701	19.07037354	18.53515244	1.0
18.65042114	18.34288025	18.25468254	18.25368881	24.97914314	23.6599865	21.72883415	21.02148628	1.0
22.39168739	20.94823647	19.93440056	19.5254631	23.08683586	21.58616066	20.58070564	20.19165421	1.0
22.98288918	21.52502441	20.95814705	20.70339966	23.38070297	22.08865929	21.58365822	21.31967735	1.0
23.24049568	22.70305824	21.41474724	20.68081284	20.66825104	19.24019814	18.01240921	17.49533272	1.0
22.29902077	20.82386589	19.34292984	18.71360207	22.83157349	21.54271698	20.62680817	20.1942215	1.0
22.59173012	21.2254467	20.36746788	20.0105381	23.64732361	23.27702904	22.91743088	22.24883652	1.0
21.66900444	21.38469124	21.29312134	21.25708389	24.25743484	22.60813332	21.33901787	20.78542709	1.0
20.93929482	19.75188828	19.31488609	19.11968613	19.90255737	19.54843521	19.49089622	19.51836205	1.0
20.2749157	18.65562057	16.95573235	16.21342659	22.3192215	22.02861023	21.68037415	20.91266823	1.0
24.64712143	23.14312553	22.57397079	22.06342697	22.8292408	21.57411766	20.66742516	20.25481606	1.0
23.65081978	22.20156097	20.90348816	20.33121109	21.94168472	20.43222427	19.11646652	18.55354691	1.0
23.16261673	22.11534309	21.32643318	20.94088364	19.35363197	18.63378716	18.41708374	18.30943871	1.0
18.20982933	17.85970306	17.76364517	17.73563004	18.6257	18.4104023	18.3774128	18.39473724	1.0
22.231884	21.84058571	21.72253609	21.73506546	22.58140373	21.10827827	19.79170799	19.21582603	1.0
24.77822113	23.26779556	21.38816833	20.54566383	23.77016068	23.03038979	22.5933094	22.34001732	1.0
18.8297081	17.52554321	17.0068264	16.75998497	21.01512527	19.78905296	19.2883606	19.03064537	1.0
23.86857986	22.50865364	21.50835609	21.07541656	23.11641312	22.54006386	22.37138939	22.47965431	1.0
19.90757561	19.62958717	19.57672119	19.58543205	24.31758308	22.79139137	21.85617256	21.44843102	1.0
24.59564018	22.86291122	20.91657257	20.1106205	23.50162888	22.11794853	21.22816658	20.90246391	1.0
20.28540993	18.97262764	18.4357357	18.17665672	20.84788513	19.36751747	18.18610954	17.67600441	1.0
23.14350128	21.74798012	20.54272079	20.06462097	24.63477516	22.85079765	21.78818893	21.34659004	1.0
26.29609108	24.33750534	22.80407906	22.21347046	23.60895348	22.19869232	20.71666145	20.07016373	1.0
23.92008972	22.83924484	21.80490875	21.19947433	23.49048233	22.13191032	21.69588661	21.4420414	1.0
19.97545624	18.60857391	17.3209343	16.78157997	22.53283501	22.11565208	21.8494091	21.6728344	1.0
20.20778656	18.74228096	17.44409561	16.89866829	21.44360733	21.17592812	21.1017189	21.06959152	1.0
23.31685829	22.30092812	21.23574257	20.75289536	24.19956589	22.75842667	21.40544701	20.72096252	1.0
20.12934113	18.97958374	18.33063126	18.02116394	22.29744148	21.6282692	21.45703697	21.20506668	1.0
22.1516304	20.75585175	19.9398613	19.56215286	23.7575779	22.38710785	21.31376076	20.87774467	1.0
19.43255997	19.08858871	18.99734688	18.99100113	25.14988899	23.23449326	21.85503769	21.28760338	1.0
22.8741169	21.65746307	21.16468811	20.93165779	22.85747337	21.39953995	20.15698051	19.6128273	1.0
23.47344208	21.98000908	20.61851883	20.03684044	23.69251442	22.15691376	20.72301102	20.09739876	1.0
22.52116585	21.0360527	20.43119621	20.13960457	20.27206612	18.84626389	17.84947395	17.41671371	1.0
21.43565941	21.06319237	20.94646263	20.91115189	23.92008972	22.83924484	21.80490875	21.19947433	1.0
23.73532677	22.78282356	22.25223732	22.14181519	24.85765076	23.10345268	22.12598228	21.69987488	1.0
20.1105938	19.25419998	18.99891472	18.89219666	21.94432259	21.3170929	21.10211563	21.13069344	1.0
19.07972336	17.72815704	17.13917732	16.86054611	20.8589077	19.88158607	19.55073547	19.39372826	1.0
99.0	24.65509033	22.49399376	21.82754898	25.0316925	23.03770065	22.41880608	22.20971298	1.0
24.32558632	23.26449966	22.88398743	22.83950996	21.66253853	21.23550987	21.15908623	21.16553307	1.0
23.74388123	22.58151054	22.17042923	21.95290375	18.30492401	17.72615242	17.55466652	17.48963737	1.0
23.07840157	21.59471703	20.76496887	20.38854027	21.69923401	21.32202148	21.17860603	21.2174511	1.0
24.99642563	24.10133362	22.64024734	21.88905334	22.22758865	21.07062721	20.70287323	20.44349098	1.0
15.44145775	15.82327557	16.0736084	15.99170971	23.90468788	22.8029213	22.24966049	22.7788353	1.0
21.68887329	20.59908295	20.22197723	20.01118279	24.60697365	23.11309814	22.13273239	21.5658741	1.0
18.41660309	17.90215302	17.74575424	17.67728806	19.56214523	18.1987381	17.41479874	17.04262352	1.0
21.96191406	20.53934097	19.77449036	19.44426155	23.95947456	22.74958611	22.39638329	22.17984581	1.0
22.15439606	22.38255692	22.66973495	22.8583374	20.62269783	20.33600616	20.27194977	20.26908112	1.0
16.71353149	16.22802734	16.09813881	16.04968262	19.78760147	18.52355766	17.48758507	17.03424072	1.0
23.20858955	21.73246002	20.65861511	20.18700409	25.60405922	23.97519112	22.14608574	21.50090027	1.0
21.01676559	19.61528397	18.32944679	17.77947044	25.59482193	23.0418148	20.69618988	19.54448128	1.0
18.5117569	17.84049034	17.62832451	17.52456474	18.34495735	16.94331932	16.21117783	15.89800453	1.0
22.60721779	21.88415527	21.60919762	21.48879623	23.23474884	21.63244247	20.59968948	20.17353439	1.0
23.57407951	22.23320389	20.86348152	20.36051941	22.74842453	21.44446754	20.84447479	20.63746071	1.0
22.28662491	21.00716782	20.36573219	20.08585167	21.78012657	20.31658936	19.24268913	18.7906456	1.0
22.27540779	22.21317291	22.33680916	22.41160774	19.08218575	18.39544106	18.15686798	18.02200699	1.0
18.36679077	17.39664841	17.07485771	16.90100479	20.78419685	20.4569931	20.36698723	20.39284897	1.0
25.29944038	23.47689247	21.54886436	20.74379539	24.47496796	22.82886887	22.31814766	21.95413589	1.0
24.95937157	23.61350632	22.69435883	22.20210457	24.65398788	22.86185837	21.10435104	20.39748383	1.0
25.47972107	23.90207481	22.46289253	21.90335274	21.73763657	20.83533859	20.50556183	20.37381744	1.0
21.82996368	20.34337425	19.39363289	18.97980118	22.42427063	21.66410065	21.47574615	21.25754356	1.0
25.87666512	23.97040939	22.74608612	21.94550133	26.65515137	24.35563469	22.69083977	22.16254234	1.0
23.79306984	23.24085617	22.90843773	22.83390808	23.98522758	22.39439774	21.82079315	21.50808334	1.0
17.01561356	16.36182976	16.16105843	16.06200981	23.59580421	22.48130798	21.11823845	20.59429169	1.0
21.22993279	20.90472412	20.83205414	20.84989929	23.64294815	22.2545681	21.13705254	20.69333076	1.0
22.65233803	22.03913879	21.92346191	21.68336678	22.04512787	21.05385971	20.99369431	21.05127335	1.0
23.76974869	22.94112778	22.67418289	22.63015175	24.00825882	22.32728004	20.94611931	20.41892624	1.0
19.33526611	18.42467308	18.11573029	17.95472908	23.79409599	22.48224449	21.26409149	20.7152977	1.0
25.13682175	23.15201569	21.19678497	20.38666725	23.37986565	22.27225876	20.97566223	20.40790558	1.0
22.35668564	21.63379288	21.38941574	21.28098488	23.44651604	21.91250992	20.54001045	19.98541641	1.0
28.5678196	25.36753273	22.86723137	21.88909721	21.89404488	20.40320015	19.3535099	18.90576553	1.0
22.89635468	21.52306175	20.08481407	19.46561623	22.27040863	21.1294384	20.67069435	20.48355293	1.0
21.85259438	20.35081863	19.07767868	18.52993965	17.99050713	16.83341026	16.44624138	16.25214767	1.0
24.3579216	22.3557415	20.04730606	18.98677254	19.38552094	18.11529732	17.57654381	17.30833817	1.0
20.90991974	19.46273994	18.63890076	18.26465988	20.49379539	19.70466042	19.44646072	19.29296875	1.0
21.7924099	21.55252075	21.50678444	21.54768372	22.46634102	22.01418114	21.94117355	21.83698654	1.0
23.65615463	22.09936523	20.5841217	19.87819672	23.66606331	22.84258842	22.6577282	22.2978096	1.0
23.77752686	22.38311768	21.01010513	20.40906715	19.34298134	18.27203369	17.88195038	17.67410469	1.0
22.19176292	20.68848419	19.79504776	19.40458488	22.0129261	20.60653496	19.79833603	19.44635201	1.0
22.71685028	21.74820518	21.41845703	21.24328613	25.14204025	23.65028763	22.66934776	22.47585297	1.0
22.16257477	20.83599091	19.78987503	19.32409859	22.60904503	21.19124031	20.20423317	19.79362106	1.0
22.33067322	21.2556839	20.82701302	20.62823105	24.53397179	23.87748528	22.03855133	20.60900497	1.0
23.78611946	22.72180939	22.29620361	21.85123634	24.30054665	22.66446304	21.22389221	20.58166504	1.0
18.52318954	17.16362572	16.40862656	16.06620216	24.43458939	22.82692909	21.26478386	20.60196686	1.0
25.15514565	23.56764412	22.16732216	21.61792183	20.57207108	20.00198364	19.81607628	19.69885445	1.0
25.463377	23.342556	21.69600677	20.91925049	24.59086227	22.98851776	21.64504433	21.30459785	1.0
23.43265915	22.15374184	21.39718246	21.00838089	25.46667862	23.4022274	21.53415871	20.76515388	1.0
24.03864861	22.26120758	21.1173687	20.62031746	19.41931725	18.24644661	17.80260849	17.58457565	1.0
21.4284668	20.59243202	20.29532814	20.12217331	25.97018814	24.91188622	22.87694168	22.33649826	1.0
19.82249069	19.45856285	19.35784721	19.33469963	18.8241806	17.70581245	17.33598137	17.14518738	1.0
21.80654526	20.45248222	19.8155098	19.4902935	23.56418991	21.90441322	20.63839531	20.07693481	1.0
21.11086464	20.54672623	20.36861992	20.31003952	22.20846176	21.8480835	21.7607975	21.70188713	1.0
22.4594574	20.93636894	19.60634995	19.06435585	22.13868523	21.24236298	20.9362545	20.79098701	1.0
25.06014824	23.50337982	22.89693832	23.05907249	19.97545624	18.60857391	17.3209343	16.78157997	1.0
22.63438034	22.26309013	21.69312859	21.66358376	23.12230682	21.59195709	20.11487389	19.49656487	1.0
23.09851646	21.65788841	20.96390343	20.64344215	24.92137718	23.74349213	22.62658119	22.13550758	1.0
25.56215477	24.33815765	22.53791428	21.96746063	22.69544029	21.10583687	19.49780846	18.81816292	1.0
26.99964523	24.61281395	22.52288628	21.89357758	22.05444908	20.34319115	18.41777802	17.56100464	1.0
21.97922134	21.36391449	21.16477966	20.9827652	19.93330383	19.38055801	19.18717766	19.08430099	1.0
23.69425964	22.7443409	22.45079613	22.38714027	24.1102314	22.9426918	22.39208603	22.02642059	1.0
21.25494576	20.61362457	20.41012001	20.2882843	23.55608559	22.43281555	22.0073719	21.77503395	1.0
22.75590324	21.08852386	19.53982735	18.87233543	24.78779984	23.41912842	21.6564579	21.06781197	1.0
22.71388626	22.34878349	22.29658508	22.33051872	17.8778801	18.49353409	18.6678772	17.9809494	1.0
20.71759605	19.28731155	18.1756897	17.69163704	21.06721497	19.56389809	18.55334473	18.11386681	1.0
21.40428352	19.93922806	18.81734467	18.35078239	21.00670433	20.75713348	20.72883606	20.7664547	1.0
25.70676613	23.58715057	21.68911934	20.78084183	21.47070885	19.97148514	18.76545143	18.26185226	1.0
23.9373703	22.7060318	21.41869164	20.85379219	22.96929359	21.48270988	20.14644814	19.59025002	1.0
22.95750237	21.40868187	19.97639275	19.35130119	22.13233185	20.58568764	19.40798569	18.91260147	1.0
20.54180717	19.4240303	18.71795082	18.37479591	22.9902668	21.56045914	19.99873543	19.31905365	1.0
20.07428741	18.59597969	17.26793289	16.71702576	23.5103054	22.66271019	22.32864189	22.04088974	1.0
21.56572342	20.26043701	19.52604675	19.17342949	19.39872551	18.78923607	18.61277199	18.53504372	1.0
24.30783081	22.76869202	21.78317451	21.36367226	21.23998451	20.10433769	19.70882988	19.48784828	1.0
23.85663223	22.22704697	21.54954338	21.20425034	22.49100685	21.14109802	20.08477974	19.56237602	1.0
23.36444473	22.34294701	21.23296165	20.62148094	24.24921417	22.91191673	22.346735	22.06884193	1.0
24.09248543	22.52193642	21.47440147	20.99417686	19.7053318	18.29212761	17.17699623	16.69125366	1.0
22.33940887	21.00424004	20.4162178	20.17728043	22.89356422	22.50704193	22.2571106	22.21657181	1.0
24.95302582	23.99765778	22.47373772	21.74537849	24.69602013	23.35667801	22.2737484	21.86339188	1.0
20.25683784	18.89895058	17.85879707	17.42494011	21.58004761	21.3603096	21.3107872	21.32625008	1.0
16.92909622	16.40010452	16.22733879	16.15024376	21.98723793	20.59229851	19.53824806	19.07658386	1.0
26.24979782	24.40546417	22.80081558	22.40168571	18.58457184	17.13475609	16.18880272	15.7787199	1.0
20.41178513	18.92334175	18.01310158	17.61679649	23.7582283	22.50580978	21.32908821	20.92821503	1.0
22.71440697	21.79992104	21.4616909	21.32923889	17.97511101	17.42474937	17.27813721	17.20778275	1.0
22.0388546	20.55998993	19.59127235	19.16228294	23.77140617	22.32390594	20.96997261	20.38665771	1.0
23.97180557	22.97810745	22.31154442	21.82792282	23.14866447	21.72032547	20.180233	19.52395248	1.0
24.26716232	22.77044106	21.25862312	20.6272831	23.34781075	22.87773132	22.49573326	22.16210747	1.0
20.44795609	19.2796669	18.81718826	19.19493484	24.82712364	22.89950371	20.89845276	20.01844597	1.0
23.61540413	22.34217834	21.86160851	21.63777733	19.31805038	17.85724449	16.6548481	16.15119362	1.0
18.48062897	17.08407593	16.20079613	15.81668377	22.35173607	20.97113037	19.92322159	19.47572899	1.0
18.65447044	18.19431496	18.07098007	18.02416229	21.04347229	20.65545464	20.55275345	20.36594963	1.0
23.07840157	21.59471703	20.76496887	20.38854027	23.17260742	21.78539085	20.79333687	20.37634468	1.0
23.83384705	22.78590393	22.34160042	22.13989449	25.2606411	23.421875	22.13911057	21.51956558	1.0
19.1580143	18.87289619	18.80353165	18.7937355	18.12086487	17.20443726	16.93888474	16.77647209	1.0
22.04556084	20.42814636	18.77454758	18.0585022	24.62832069	22.92287254	21.29202271	20.46239853	1.0
24.11182404	22.37019539	21.85684395	21.44675255	22.20804596	20.59574699	18.96367836	18.22805214	1.0
23.66223526	22.16658592	20.49597359	19.76983261	21.79972649	21.07064819	20.47358322	19.88784218	1.0
18.23814964	17.62742043	17.40023804	17.28494644	21.61199188	20.22810555	19.07825089	18.59218979	1.0
16.96591949	16.50670624	16.36049461	16.30044746	20.46208	19.23381233	18.75540543	18.51989746	1.0
17.65141869	17.27746773	17.17256546	17.13415718	20.25089455	19.9140873	19.84666634	19.7969265	1.0
23.04095459	22.25276375	21.98072052	21.8002758	24.2679882	22.62236786	21.26705933	20.62935638	1.0
23.31202888	21.96014404	21.05610275	20.64902687	21.92028999	20.51233292	19.80624962	19.48623276	1.0
20.76208687	19.47119331	18.95524788	18.68977547	23.65615463	22.09936523	20.5841217	19.87819672	1.0
24.02661514	22.31091309	20.96302795	20.41250229	18.54682159	17.2199173	16.5792675	16.28970909	1.0
21.0993557	19.6767292	18.41497231	17.89015198	22.15426064	20.58503532	19.2832222	18.7481308	1.0
22.20103073	20.65710258	19.19276619	18.56770897	24.47990227	22.7189846	21.52501488	20.97845078	1.0
21.10926247	19.59762955	18.81482697	18.47836113	23.33975983	21.92320824	21.34913063	21.12738991	1.0
22.89482498	21.59791756	20.83957291	20.50557709	20.22811508	18.64602661	17.17708015	16.55145454	1.0
18.76257706	18.35260582	18.23596191	18.19233513	20.06752777	18.93893433	18.53220177	18.32095909	1.0
20.38034248	20.07190132	20.01631737	20.01531792	23.13100815	21.83618546	20.4917984	19.8488121	1.0
21.27419853	20.85919952	20.78147507	20.72157478	22.11240005	21.43901443	21.25492859	21.09574127	1.0
23.03084373	21.60416985	20.84841537	20.56521416	24.45525551	23.00387764	22.25305176	22.10402489	1.0
23.07924652	21.73273849	21.03415108	20.7342968	22.49263763	21.27169418	20.73139191	20.46549797	1.0
24.46519852	22.95648384	21.79319191	21.36064148	23.72827721	22.16092491	21.62049484	21.32336426	1.0
17.6992054	16.53049088	16.03553009	15.77542877	23.10508919	21.82362556	21.17281151	20.96254921	1.0
22.84464264	21.58566666	20.46239281	20.03113365	20.6613636	20.20138359	20.05974007	20.0234642	1.0
22.30239487	21.6150074	21.41061401	21.2571373	21.57896233	20.96331787	20.79992867	20.71336555	1.0
19.74087715	18.61504936	18.17456436	17.95427132	22.53353882	21.05363846	20.04652405	19.59067917	1.0
22.50794601	22.38138962	22.47042274	22.550457	22.36218452	20.91316414	19.97075653	19.54859161	1.0
21.73047447	21.38439178	20.6600647	19.9179821	22.5657711	21.03061676	19.83262634	19.33969498	1.0
24.50311852	23.35370636	22.06521225	21.42069817	22.80946159	22.29672813	22.16417313	22.07947922	1.0
23.5901165	22.22698975	21.41784096	21.19352722	23.2311039	22.94669724	22.77218819	22.21327972	1.0
21.01390457	19.93869781	19.5537262	19.35060883	23.59660149	21.92785454	20.11617279	19.34194183	1.0
19.9907589	18.56172371	17.48162079	17.02142906	20.58171844	19.19879341	17.9517231	17.42315102	1.0
24.13582611	22.53436661	20.51759911	19.68103981	21.88606071	20.69930458	20.19531441	19.92500496	1.0
22.36177826	21.31204796	20.97953033	20.79525185	21.41215515	20.55003357	20.24541283	20.0658989	1.0
21.62047768	20.07455635	18.81037712	18.24472427	22.22471046	21.97602844	21.87008095	21.96377945	1.0
24.64107895	23.2070961	21.84293747	21.33826637	25.40691376	23.97324753	22.07011414	21.2563343	1.0
21.77222633	21.39443207	21.29810524	21.22898293	23.12448502	21.70241928	20.7758503	20.40367889	1.0
17.5433197	17.09991074	16.98403931	16.94940186	24.28110695	22.72385216	21.2390461	20.70650673	1.0
24.51989746	22.84815979	21.71417809	21.3559742	21.96641731	21.40731621	21.23612404	21.1197834	1.0
21.44573784	20.21353149	19.57169724	19.35489464	23.91956139	22.52163887	21.52791405	21.02035904	1.0
24.57124329	22.76186943	22.05306053	21.75349808	21.54946136	20.11779976	19.03157997	18.56059837	1.0
21.19921303	19.84915733	18.72258949	18.23511124	21.56258392	21.05834579	20.90346146	20.86114311	1.0
22.29553413	20.93621254	19.9666729	19.5861721	21.71605682	20.92053032	20.69810486	20.55914307	1.0
24.21100426	22.66432381	21.06287956	20.35508728	23.59660149	21.92785454	20.11617279	19.34194183	1.0
23.04885101	21.37611389	19.66260529	18.90211296	20.12928963	19.05395699	18.67277527	18.46082115	1.0
24.80332947	23.27441788	22.86414909	22.36663246	18.08490562	16.88592339	16.44488335	16.2329483	1.0
19.80690193	19.06334305	18.83688927	18.72098732	23.52015877	22.31385231	21.0014267	20.33216858	1.0
21.19486809	19.95064735	19.26540565	18.94245148	25.62321472	24.14785004	22.36950111	21.77866745	1.0
18.87887955	18.84916306	18.65468597	18.67852592	22.62387085	21.17202377	20.4164238	20.06941795	1.0
23.27576447	22.84313774	22.50772858	22.96478081	22.48253441	21.35969734	20.958992	20.78275299	1.0
16.86877823	16.49529839	16.40259361	16.37306595	24.4577961	22.77684975	21.50740051	20.97492981	1.0
25.65285683	24.61199379	22.82930756	21.92641449	21.15300179	19.86724472	19.34537506	19.07788849	1.0
20.60112	19.28988266	18.76777077	18.51833534	21.42128754	21.11111641	20.93185997	20.47840118	1.0
19.97537994	19.48728752	19.3261261	19.27823639	23.51828957	22.25293732	21.72505569	21.53050423	1.0
21.45461082	21.06519508	20.96708107	20.86233521	22.54419327	22.03730583	21.94853783	21.74955368	1.0
24.00788498	22.57592583	22.05111504	21.77890015	23.00968361	21.62127876	20.39348793	19.91696548	1.0
24.77499199	23.51631927	22.05943108	21.39830399	21.0234108	19.81328773	19.36670494	19.13853645	1.0
20.66324425	19.25753212	18.47559357	18.12317848	22.33539581	21.98029518	21.91289902	21.54721069	1.0
21.48647881	20.03291512	19.24283791	18.89795494	24.55865097	23.49819374	22.07063675	21.45798683	1.0
21.27680969	19.81460762	18.46045876	17.89573097	23.75872231	22.55757141	20.73899651	19.88965607	1.0
19.40944672	18.35720634	18.00896263	17.82412338	19.68189621	18.35193634	17.67860031	17.36222649	1.0
25.10494804	23.15865326	22.89448738	22.40357971	23.29124451	21.73310661	20.4009037	19.86176491	1.0
21.6112709	20.21368408	19.18289757	18.72811317	18.78136444	18.38335419	18.25663376	18.20804977	1.0
25.93368721	24.0685463	22.35793304	21.65418434	22.23877525	21.73029709	21.5781498	21.63340187	1.0
24.26492882	22.55637169	21.34310722	20.82571411	24.76750183	23.10763168	22.17162323	21.87308884	1.0
22.62862396	21.69159317	21.35460663	21.2298069	24.69639969	23.01150513	22.24840164	21.82135582	1.0
23.78611946	22.72180939	22.29620361	21.85123634	22.81654167	21.3366909	20.39701653	19.9573555	1.0
21.78959846	21.60983849	21.15246773	21.07423401	23.48586845	22.75093079	22.39972687	22.17009354	1.0
20.20561218	19.85262108	19.75584412	19.72413254	22.25112724	20.96157837	20.4510994	20.21642494	1.0
19.99791718	19.83387756	19.62694359	19.63328743	22.99727249	21.46373749	20.35961723	19.8913517	1.0
21.44784355	19.93944168	18.54042625	17.93286514	26.82262039	24.25623703	22.8199749	22.56468773	1.0
19.54319763	19.22735977	19.1519413	19.14037132	22.65562057	21.15786362	20.10203171	19.63407135	1.0
22.23053169	20.86055756	19.58180237	19.03010941	21.94684982	21.50904274	21.35352707	21.24876022	1.0
22.10453415	20.73506165	19.82447243	19.42702484	19.39854813	18.16098976	17.69740486	17.47505951	1.0
19.7053318	18.29212761	17.17699623	16.69125366	19.96747589	19.6546917	19.56422997	19.56474686	1.0
20.14832115	18.72907448	17.64577293	17.18197632	18.11050224	17.58706474	17.41893196	17.35365105	1.0
23.26683617	22.29709244	21.13127708	20.50884056	19.39536476	18.06972313	17.2383213	16.8819294	1.0
21.88875008	20.34037399	18.87337112	18.23904037	20.08750725	18.7759285	18.22715187	17.94271469	1.0
23.67303467	22.61845589	22.6511364	22.15559006	23.25861931	21.7357502	21.08113098	20.75326729	1.0
17.6992054	16.53049088	16.03553009	15.77542877	18.30492401	17.72615242	17.55466652	17.48963737	1.0
21.34529686	21.15354347	21.09534073	21.0407238	17.60210609	16.88847351	16.67254257	16.56193542	1.0
21.75885201	20.32466125	19.52315521	19.14066315	24.61892128	23.78440094	21.65356445	20.63644218	1.0
20.71474075	19.43042755	18.91834641	18.6638546	19.67157364	18.24144936	17.40830612	17.04142952	1.0
23.61206436	22.7736702	22.38730431	22.31146431	23.1619873	21.66061783	20.47214317	19.89987946	1.0
26.41110611	22.94993591	21.4077034	20.76757812	20.69112968	19.25511742	18.36676216	17.98430061	1.0
21.17693901	19.6338253	18.43438911	17.92334366	20.272295	18.95383835	18.25087357	17.92733383	1.0
23.00104523	22.255476	22.08867264	22.03699112	17.88949203	17.27106667	17.09222603	16.99861145	1.0
23.62932968	22.35708618	21.75396729	21.44578362	24.21395874	23.01703262	22.39928818	22.10190392	1.0
18.62253952	18.12305069	17.9778614	17.93413353	22.27649307	20.88509178	20.10676384	19.77660942	1.0
19.54190063	19.14478111	19.02105331	18.9538002	21.69194603	20.68865585	20.3342247	20.15254593	1.0
18.99337769	17.57923317	16.81854439	16.46437263	23.35172462	21.87983131	20.87304306	20.4561615	1.0
22.36164474	21.03116608	19.44541359	18.72666931	20.35775948	19.01111412	18.39786148	18.10611153	1.0
24.64265633	22.99209213	21.86270523	21.39363098	22.78366089	21.60256004	20.27885246	19.63327408	1.0
21.53897476	20.06674004	18.78278542	18.24766159	24.3143959	22.47265625	21.46235275	21.04354858	1.0
24.46519852	22.95648384	21.79319191	21.36064148	22.90350342	21.98172379	20.99815178	20.54600716	1.0
23.92084122	22.867939	21.80415154	20.92683983	24.3143959	22.47265625	21.46235275	21.04354858	1.0
19.86947441	18.9706707	18.64277649	18.47227097	21.42374039	19.91854858	18.55385208	17.97462654	1.0
18.41263199	17.87777519	17.71151543	17.63757706	26.39202118	24.97039604	22.72952461	22.06797218	1.0
23.01594925	21.93071747	21.16991043	20.09635353	23.22885895	22.87732124	22.92406464	22.75808716	1.0
23.33672905	21.79821396	20.25279808	19.60300636	24.2413311	22.67689896	21.31598091	20.71030235	1.0
25.16887093	23.83391571	22.17485619	21.74717522	21.77280235	20.31741142	19.25237656	18.78654289	1.0
22.08756447	20.56467056	19.41246796	18.92636681	17.94396782	16.59691811	16.02284431	15.74972153	1.0
20.40621948	19.14190483	18.61940002	18.38166428	19.74393463	18.44156837	17.9033947	17.63802528	1.0
21.45976257	19.9189167	18.75637054	18.26679611	23.37264633	21.99207878	20.43086243	19.79404831	1.0
22.59079933	22.05509567	21.80414391	21.89100266	23.1710453	21.73347282	20.56121826	20.02911377	1.0
27.37194252	24.39668274	22.2824955	21.34788704	23.2050209	22.96739388	22.7670269	23.05248451	1.0
24.89979744	23.63694382	22.10857773	21.47363091	21.25120735	19.89283752	18.7679348	18.27796745	1.0
25.10837364	23.25671577	21.95236588	21.45110321	21.90456772	20.43151093	19.26784515	18.75764275	1.0
23.20168686	21.89860916	21.48716354	21.22529411	21.72030258	20.257864	18.93809128	18.37485695	1.0
24.16062737	22.45763969	21.34141541	20.91438675	21.6555233	20.19909668	19.06622887	18.57332802	1.0
24.44008064	22.95936966	22.17787933	21.77831459	20.66174507	19.51603317	19.07051277	18.83225822	1.0
20.83162308	20.56071663	20.50454903	20.47975349	24.05087471	23.28404999	22.98127937	22.99166107	1.0
20.90680695	20.33160782	19.29948807	18.77418327	22.59186554	21.19083786	20.08822823	19.65141869	1.0
21.03143311	19.7018013	19.27719116	19.21177292	20.03671455	18.49435425	16.8806839	16.15212631	1.0
23.19883347	21.93915176	20.9105072	20.45064354	20.29352379	19.13986206	18.74746132	18.54428291	1.0
23.95054436	22.40532494	20.84482574	20.17537117	24.20825005	22.98295021	22.4401722	22.37491417	1.0
21.29545593	21.33764648	21.36910057	20.96240234	20.51786613	19.21026611	18.69674873	18.44054222	1.0
20.89515877	19.45253944	18.28698158	17.79309273	23.33319473	21.75453568	20.51027679	19.97562981	1.0
22.69482803	21.17760086	19.98985672	19.49955177	22.9512043	21.91719818	21.5641098	21.39172363	1.0
23.10930061	21.59906769	20.4868412	20.03775215	22.15586472	21.65162659	21.44090652	21.40813255	1.0
21.55239677	20.35157204	19.49843407	19.01628494	23.23083687	21.81516838	21.03063965	20.69348717	1.0
25.55910301	24.6314888	22.67480278	22.30410194	20.20561218	19.85262108	19.75584412	19.72413254	1.0
20.80586433	19.46203995	18.92025375	18.66659927	21.48647881	20.03291512	19.24283791	18.89795494	1.0
20.22481918	18.81429672	17.76520157	17.30343628	20.48660278	19.0600605	17.82713127	17.29154015	1.0
21.69160271	21.76146317	21.74515343	21.6441288	24.10947037	22.93410873	22.37216568	22.03118896	1.0
21.6299057	20.4916172	20.08262253	19.87154961	19.55619812	18.88687515	18.66878319	18.56578445	1.0
22.47028732	20.9521637	19.61977196	19.02078819	24.6835041	23.3278923	22.68083954	22.18644714	1.0
17.55091858	16.60577583	16.32583427	16.1779747	21.5943203	20.41919708	19.44709587	19.00605202	1.0
24.86240196	23.45985031	22.29756355	21.90366936	24.08605194	23.06984138	22.64598465	22.4255352	1.0
20.30489349	19.25994301	18.89763069	18.70833778	25.11787987	23.05158234	21.24381828	20.40034294	1.0
24.33281517	22.78984261	21.60902023	21.01465988	23.89775467	23.53622818	22.79063797	22.43848801	1.0
25.64565849	24.18441582	22.40764046	21.71341896	22.76590538	22.25746346	22.17634773	22.05888557	1.0
27.19208145	24.79218102	22.63079834	21.86117554	21.71308327	21.72351837	21.64676857	21.37028885	1.0
24.89129829	23.12343025	21.43088722	20.81734276	18.89115524	17.72432709	17.28384209	17.06263733	1.0
22.77906036	21.38799286	20.40423012	19.99113655	24.70409393	22.74776459	20.56846428	19.54728317	1.0
23.54896164	22.40519905	21.74631119	21.43347549	18.21666145	17.63541794	17.45379829	17.3688221	1.0
24.76966476	23.01874161	21.95293045	21.38377762	22.8407383	21.29617882	19.46248817	18.70022964	1.0
18.06690788	17.51545143	17.36359596	17.29587364	23.74126816	22.16689491	20.51999855	19.8456192	1.0
22.96665955	21.56346893	20.84837341	20.50483704	20.9454155	20.63107109	20.49948692	20.39902878	1.0
21.68735695	21.66589165	21.76749039	21.7569561	21.14009094	19.66863251	18.66316605	18.22046661	1.0
21.77222633	21.39443207	21.29810524	21.22898293	23.9905262	22.61175346	22.08334732	21.83884048	1.0
23.36444473	22.34294701	21.23296165	20.62148094	21.56234169	20.18659019	18.9985199	18.47487259	1.0
20.60369301	19.22574234	18.19119644	17.74160576	23.0521965	21.41557503	19.54382515	18.77366829	1.0
25.22290611	23.92663193	22.19942474	21.56064796	22.01940918	21.13516617	20.82516479	20.69339371	1.0
22.25901604	21.79309273	21.6641674	21.62178802	23.62430191	21.97801399	21.01449203	20.64140701	1.0
23.18852997	21.76378632	20.52215385	20.0286293	24.26221848	22.90250206	22.4828701	22.19551086	1.0
19.54776955	18.22818565	17.68579483	17.4427681	19.22736359	18.9462719	18.87405586	18.87222481	1.0
21.2951355	20.68977928	20.48581123	20.34346962	22.6793232	21.13165283	19.80352592	19.23554611	1.0
22.07532883	20.65375137	19.11049271	18.41015434	22.88175774	22.48981476	21.97380257	21.81367493	1.0
26.75895309	24.41178513	22.66844177	21.95602608	20.08283806	18.66285896	17.70799065	17.28764153	1.0
21.33471489	20.11900711	19.68004227	19.45940399	25.03048706	23.85217285	22.40483475	21.77658653	1.0
23.87074661	22.03022575	20.16861343	19.38896751	18.85827446	18.55309868	18.46445465	18.46284676	1.0
23.84237671	22.57446098	22.06075287	21.81345749	25.01232338	23.40396309	22.61105728	22.36737061	1.0
23.784338	23.34845734	22.95777321	22.84098434	23.04248428	22.46582794	22.35255814	22.56771469	1.0
23.32420349	21.68370247	20.40668678	19.86093521	23.67652702	22.15731621	20.87208557	20.35382271	1.0
23.86558914	22.67179871	21.61527061	21.12804031	23.56277084	22.27147865	20.9184227	20.28351021	1.0
24.46701241	22.68591309	22.00999069	21.57549286	22.57437897	22.43202972	22.59645271	22.32927322	1.0
23.97142029	22.38412476	21.70244217	21.37976265	21.24791527	20.20353317	19.84457588	19.66556168	1.0
24.76084518	23.78296471	22.5783596	21.73986626	23.67323303	22.94210625	22.90662766	22.67538261	1.0
24.19198036	22.5783062	21.18235779	20.52431107	21.50564384	21.13982201	21.03462791	21.01672363	1.0
22.88266182	22.1815052	21.46160316	21.16018486	21.0581913	20.40945625	20.18901443	20.02859879	1.0
22.92560577	21.58779716	20.53353882	20.0484848	22.24414253	20.6439743	19.05746841	18.34788895	1.0
23.45035744	21.6820488	21.10538864	20.94052887	22.57315445	21.05616379	20.32665062	19.96038818	1.0
24.35419464	22.99408722	22.43469238	22.22864342	20.37508011	18.96082306	17.84784126	17.37285423	1.0
25.00806808	23.11344528	21.98592567	21.58115768	20.10858727	19.45985031	19.22211647	19.03678513	1.0
23.36758614	22.91185379	22.83045006	22.70588112	24.03144836	22.7587719	22.18937874	22.09643364	1.0
23.47455597	22.77879333	22.46080589	22.35124016	22.3218174	20.79192162	19.38523102	18.79550552	1.0
24.55156326	23.18115807	22.09973717	21.62138367	21.38609695	19.91579056	19.08775902	18.72590065	1.0
23.48853493	21.77550697	20.29091263	19.63364029	26.41944695	24.48146248	22.48825455	21.71381378	1.0
26.38867378	24.72462654	22.99297714	22.35671997	24.18902397	22.63925743	21.41326714	20.97366142	1.0
19.29026222	18.16018486	17.75110245	17.55129623	21.53281593	20.14683342	18.97581482	18.49725151	1.0
21.24246407	19.88534355	19.02453232	18.64410019	21.33987045	20.95140839	20.88585472	20.69408989	1.0
23.38084984	21.61139297	21.24283218	20.71851158	24.14628983	22.78883743	21.65765381	21.17290878	1.0
21.10402489	19.8764801	19.40297699	19.17224121	23.69323921	22.64698219	21.13586617	20.43148041	1.0
18.97461891	18.60824013	18.50968361	18.49412727	20.44676208	19.0540123	18.2706604	17.91945839	1.0
23.50675201	21.99702263	20.74132538	20.21141815	24.35163879	22.50947189	21.63778305	21.19220161	1.0
20.55151749	19.74603462	19.45853233	19.31922722	18.10768318	17.21336746	16.92753601	16.77382469	1.0
24.54959297	23.07993317	21.46995354	20.74259377	19.21724319	18.66513252	18.49759483	18.42020416	1.0
18.11353874	17.83336258	17.77286339	17.7754097	20.02296638	19.06353188	18.75764656	18.57535172	1.0
20.7258358	19.50662041	18.88619232	18.53284836	23.04095459	22.25276375	21.98072052	21.8002758	1.0
18.97710419	18.16112137	17.89150238	17.75553322	24.44731522	22.89124298	21.02344704	20.20603561	1.0
22.51443481	21.75137901	21.48092461	21.4276638	19.34831429	18.3235836	17.92650986	17.72633743	1.0
23.50823975	21.89687347	20.47404861	19.82250595	24.09571648	22.72751427	21.4294281	20.890028	1.0
19.03127289	17.60566711	16.68633461	16.29072952	24.9097805	23.41708374	22.1697216	21.59776878	1.0
20.55187225	19.2586956	18.66831017	18.40111923	21.78322792	20.29742432	19.22806168	18.75937843	1.0
24.88136101	23.04828262	21.57437706	21.05390739	22.59745216	21.82769012	21.50823784	21.36069107	1.0
18.59424782	17.24419594	16.35051155	15.95302296	22.84464264	21.58566666	20.46239281	20.03113365	1.0
20.67293549	19.21927261	17.89101601	17.32378006	25.13912964	23.35915756	22.41191292	21.99497795	1.0
17.83150101	17.46537971	17.36181259	17.32326126	22.83504295	21.23277473	19.75813293	19.14801788	1.0
19.80059052	18.42302704	17.71256828	17.39537048	23.53846931	22.16121674	20.85190773	20.33019638	1.0
23.13394356	21.64338875	20.26956558	19.67728043	17.60888863	17.1268959	16.99014664	16.9323349	1.0
24.29644203	23.23528671	22.72063255	22.79043579	21.16880608	20.2400322	19.9207859	19.77895355	1.0
19.17627525	18.29306984	18.01469421	17.87114143	22.85747337	21.39953995	20.15698051	19.6128273	1.0
23.03187752	21.56261063	20.34504509	19.81373596	23.3631916	21.95527649	21.00115585	20.68107986	1.0
26.09236336	24.10959816	22.24015427	21.31288338	20.89388847	19.39242935	17.96038437	17.33367157	1.0
22.50818253	21.88097954	21.69924164	21.75095749	19.15247154	18.83290863	18.75603867	18.74341965	1.0
21.35232353	20.95679092	20.83064842	20.79081154	24.46274567	23.65356064	22.29413795	21.65159988	1.0
16.63046265	16.71374321	16.82959557	16.90452194	21.76669312	21.27949333	21.09089279	21.1147747	1.0
20.71759605	19.28731155	18.1756897	17.69163704	17.16591072	16.73893547	16.62745857	16.59300995	1.0
25.35915756	22.37412453	21.90837669	21.90559006	22.31233215	21.16802216	20.75319672	20.49455833	1.0
20.55861473	19.29161263	18.74150658	18.46992874	26.29626274	23.83348083	22.23787689	21.6704483	1.0
24.81853867	22.92756653	21.36832047	20.73876381	20.03790092	19.73306465	19.64964294	19.64068222	1.0
22.86454391	21.54158211	20.81872749	20.49786186	22.91993141	21.28766632	19.56002426	18.81661034	1.0
23.0714016	21.77303696	20.55408669	20.02176094	26.35588837	24.35509682	22.16145134	21.32587433	1.0
22.20554161	20.76813889	19.90382767	19.52266502	24.82599831	23.05496597	22.22673225	21.94763184	1.0
26.20866394	24.33662415	22.69335556	22.30042839	24.13563538	22.46696281	21.01196098	20.40347481	1.0
24.03308296	22.32105637	21.19607925	20.69127846	21.98239136	20.5543232	19.42134285	18.93061256	1.0
20.28456116	19.19189835	18.80648041	18.61662102	23.18873787	21.75483322	20.90693092	20.53759193	1.0
20.22723389	18.76171494	17.36451912	16.74818611	19.67157364	18.24144936	17.40830612	17.04142952	1.0
18.09507942	17.53616142	17.34441757	17.25469971	19.06272316	18.79601479	18.73836708	18.73927689	1.0
21.45746613	19.97056961	18.95044708	18.51677322	23.4926815	21.94949913	20.85735893	20.37521362	1.0
19.82067299	18.38235664	17.12935257	16.58982468	23.09688377	21.70018959	21.14002419	20.79194641	1.0
24.93213654	23.44497299	22.81204033	22.35668564	22.03410912	21.2516098	21.0125103	20.86647415	1.0
20.18994904	19.38963127	19.12797737	18.97563362	22.04156494	20.579422	19.32377052	18.80083275	1.0
24.89813614	23.19161034	21.49603653	20.80840302	26.17263603	23.82538223	22.19401741	21.42344856	1.0
23.21668053	21.7829628	20.43840218	19.89483643	17.86194611	17.41496277	17.29037666	17.2369957	1.0
22.79946899	22.36594391	22.33253479	22.17007828	22.70660591	21.13492203	19.575634	18.87667656	1.0
23.53672409	22.09707069	21.63928795	21.39030457	22.53283501	22.11565208	21.8494091	21.6728344	1.0
22.75915909	22.16503143	21.9888401	21.99713516	22.9020443	22.29812431	22.30644417	22.45505714	1.0
20.62635231	19.27395248	18.66789055	18.36920547	21.68165207	21.11019516	20.83168793	20.52140045	1.0
22.98502541	22.67915916	22.5571785	22.71634674	24.85469246	23.52461243	22.48446083	21.99526405	1.0
23.68772316	22.9992218	22.46072769	22.29886436	21.91840363	21.26177788	21.06956863	21.0365181	1.0
20.9651432	20.61062622	20.46681023	20.4555645	23.29821587	22.22018814	21.86057854	21.63615227	1.0
25.18352699	23.6194973	22.4713726	21.84057236	23.92637062	22.45275688	21.61959648	21.30348015	1.0
22.75114059	21.27130127	20.19569588	19.78714371	23.62080574	22.1966114	21.01313591	20.48412704	1.0
21.66935921	21.06805038	20.83802223	20.72253418	22.29841423	20.86671066	19.85063171	19.41970062	1.0
25.17080307	24.2294178	22.44731331	21.7715168	20.57354736	19.31937408	18.8407135	18.58927536	1.0
23.92365265	22.21030426	20.08822441	19.10295296	24.11208344	22.56100655	21.40611649	20.95166397	1.0
22.44945717	21.00687599	20.38954163	20.11697006	22.42673683	20.92183876	19.83967972	19.37486076	1.0
24.1348896	22.95064926	22.38947296	22.10400391	25.03456879	23.01853943	22.31302452	22.13145447	1.0
25.37675285	24.66448784	22.76427841	22.1496315	23.79824257	22.60897064	21.77309608	21.78553009	1.0
21.72483635	20.57149887	20.15772057	19.93167877	24.22354507	22.8423748	22.33895111	21.92021561	1.0
22.2908287	20.9592495	20.18551254	19.88402176	21.70578766	20.5949955	20.21147728	19.98410988	1.0
22.00355339	20.55467033	19.66213417	19.27828217	23.30533218	21.77038765	20.68914413	20.25505066	1.0
20.95572853	21.00161552	21.06261444	21.18342972	22.1337719	20.73231125	19.9119091	19.54856682	1.0
21.40768433	20.2905159	19.90060997	19.68151283	22.1708889	21.04632378	19.79985619	19.19100761	1.0
24.59157753	23.03484917	22.72940636	22.70544243	24.18342209	22.61959267	20.30254555	19.21757698	1.0
21.09503555	20.64920044	20.52106094	20.4664669	25.98221779	24.45252037	22.83587646	22.30466843	1.0
25.33629608	23.52505684	22.15666962	21.57872581	24.30787086	23.20927048	21.96277046	21.516922	1.0
18.02842712	17.49867821	17.34100723	17.27588463	22.16729164	21.73272133	21.55912018	21.47690773	1.0
22.35365677	20.90470123	19.67768288	19.1798954	25.83743668	23.67438126	21.69589806	20.86153984	1.0
19.71366119	19.42572594	19.35511589	19.36056709	23.67429733	22.220644	21.12960625	20.71112061	1.0
26.43214989	23.98539352	22.0330677	21.18912506	20.45218658	19.02441406	18.35885239	18.04873466	1.0
22.62634468	21.63946342	21.26449203	21.01769638	21.75862885	20.32401085	19.32534218	18.90827751	1.0
23.7620163	22.30586433	20.79347229	20.2052536	18.37827492	17.40892601	17.09526253	16.92788315	1.0
23.38017654	22.82305908	22.77270889	22.95337677	24.46280861	22.60586929	20.42582321	19.45733833	1.0
23.35496712	22.83845711	22.19653702	22.04756927	20.06701088	18.66781998	18.03095055	17.73458862	1.0
21.43016815	19.98750877	18.78108215	18.27306366	24.66947556	24.20256042	22.45310593	21.56780815	1.0
25.35998917	22.8182354	21.51833916	21.05093765	21.80440903	20.82744026	20.4932003	20.33412552	1.0
24.81801605	23.3415699	21.820858	21.25531769	20.272295	18.95383835	18.25087357	17.92733383	1.0
20.38900757	19.73926163	19.52096176	19.48210716	21.50098991	20.0503273	18.87839127	18.37400436	1.0
23.58576965	22.15887642	21.32436752	21.0061245	24.09248543	22.52193642	21.47440147	20.99417686	1.0
22.17589188	20.66327286	19.574646	19.09019661	24.44766235	23.10625648	21.91930008	21.32710648	1.0
19.41957474	18.8799324	18.71207428	18.63874054	18.88380241	18.63344383	18.57604218	18.58466911	1.0
22.8897934	21.79240608	21.33574295	21.05625916	20.64877892	20.42333031	20.36815262	20.40865135	1.0
22.4876194	21.24630737	20.7622509	20.50053978	23.90596008	22.34758377	21.24804306	20.82744026	1.0
21.23039055	19.85121918	18.95051193	18.54966164	18.92116928	17.68731308	17.17313576	16.89394569	1.0
20.71831894	19.71601677	19.39581299	19.22097778	23.27133179	21.84835434	20.9787178	20.62376595	1.0
22.61164665	21.24671364	20.30903435	19.90456009	23.62371254	22.13840866	21.19418526	20.7994957	1.0
23.19344521	21.65873909	19.9933815	19.26502609	19.66937828	18.51282883	18.08218765	17.86125183	1.0
23.82968903	22.15436745	20.84907913	20.23256302	22.36270332	20.84030151	19.80894661	19.37928391	1.0
24.22691536	22.61292839	20.72827721	19.89997673	21.58174896	20.61061096	20.22762108	20.04307175	1.0
22.1771431	20.95364761	20.44679832	20.16041756	20.69350624	19.4009037	18.92747116	18.66779327	1.0
22.79192543	21.3465786	20.24440956	19.77525139	23.61540413	22.34217834	21.86160851	21.63777733	1.0
22.04398155	20.54693222	19.0592041	18.42742348	22.50389481	21.77298355	21.52872658	21.40985298	1.0
20.56926727	19.95139694	19.74516106	19.65360641	25.05642891	23.27630806	22.31401634	21.83398628	1.0
17.76803589	17.27412224	17.14870644	17.09431076	23.51772118	22.72589302	22.2625885	21.98705673	1.0
25.26546478	24.07396126	22.91392517	22.64035225	16.92835045	16.39699554	16.26248169	16.21770668	1.0
20.74537849	20.42712784	20.34992409	20.3338089	24.00676346	22.81380081	22.41878891	22.2052269	1.0
20.04917908	19.61379623	19.49995804	19.44182777	24.57124329	22.76186943	22.05306053	21.75349808	1.0
21.42217064	21.40504837	21.06188011	20.92475891	20.70681572	20.17623329	20.00827599	19.94420433	1.0
19.54065323	17.96707916	16.38128662	15.67058754	20.57577515	20.08052063	19.93965149	19.8743782	1.0
24.60063553	23.34969902	21.55146599	20.61389923	23.76708984	22.21732521	20.7787075	20.20239449	1.0
22.47403908	22.1361618	22.06548691	21.95800591	23.07270241	21.84515953	20.59993172	20.07104111	1.0
24.19684601	22.7859726	21.07375526	20.42616844	24.23433495	22.50662041	20.37685966	19.37345886	1.0
24.46334648	23.08547783	22.3454113	22.10885048	23.87928391	23.17499352	22.89966393	22.9101181	1.0
21.2109108	19.79110527	19.06212997	18.73939323	22.2719574	20.80762482	19.9343605	19.53661156	1.0
19.88433456	19.57665825	19.48880005	19.48328781	23.30908203	21.93465233	20.61771774	20.09866905	1.0
22.96711731	21.61192513	20.39704323	19.81910896	20.71831512	20.41424942	20.33123207	20.3449192	1.0
22.78901863	21.83155823	21.5592041	21.42148209	24.34839439	23.28921127	22.23830032	21.68271255	1.0
22.32974625	20.8990345	19.51845551	18.92570305	23.7354393	22.469944	21.56783104	21.19334793	1.0
20.44826508	19.91706657	19.75861931	19.71490479	26.31234169	24.05127716	22.27624512	21.73113441	1.0
24.48250389	22.87645531	22.00489998	21.58102417	21.74710274	21.56195831	21.54648972	21.59065628	1.0
19.49712372	19.15080261	19.04886055	19.02725029	18.95534897	18.67457199	18.61252403	18.60928726	1.0
18.40937042	17.72015762	17.50904465	17.40617371	22.04905701	20.62442017	19.51871109	19.03992271	1.0
23.03220558	21.52238083	20.2114296	19.61943626	22.01406288	20.65562439	19.77953911	19.41522217	1.0
23.86544228	23.49407578	22.93535805	23.33579445	18.03884888	16.93667793	16.56962395	16.38157845	1.0
21.3186264	21.09334373	21.09713173	21.09819984	23.19301796	22.31742096	21.95370483	21.78814125	1.0
21.52278328	21.32137489	21.26982117	21.03443909	22.87770081	21.85380745	21.58763123	21.44565201	1.0
21.90510178	21.34510231	21.14684105	21.07473183	21.40871239	19.95809937	18.9825592	18.55911827	1.0
16.68010902	16.48829842	16.4243679	16.43656349	26.04993629	24.53164864	22.71642876	22.09002876	1.0
19.85089302	18.33178329	17.02542114	16.48316765	22.1683197	20.74826813	19.82283592	19.41807747	1.0
24.62651634	23.27463531	22.83845139	22.39892197	20.98482132	19.47649956	18.034338	17.40271187	1.0
20.49865532	19.13458824	18.47360039	18.16394234	20.6613636	20.20138359	20.05974007	20.0234642	1.0
21.58937645	20.41761589	19.94412994	19.73282623	23.70405197	22.2393055	21.63052368	21.29433632	1.0
19.24796677	18.91417885	18.82518578	18.798172	21.54921341	21.22792053	21.12456894	21.11748886	1.0
25.03837967	23.18177986	22.20962524	21.83501434	23.87373924	22.32853127	21.28382111	20.71892738	1.0
19.73862839	18.78341484	18.48484612	18.31961823	22.74695969	21.42568207	20.72596359	20.45234108	1.0
24.59086227	22.98851776	21.64504433	21.30459785	23.79669571	22.57687187	22.20867538	22.03620148	1.0
22.87310791	21.41266251	20.31198692	19.85585403	21.45707703	20.12624168	19.20776749	18.81696892	1.0
23.93622017	22.582407	21.95532227	21.63312912	20.99991798	19.80062485	19.3083725	19.07951164	1.0
23.78077316	22.63750458	22.34126472	22.24745369	25.19063568	23.5854454	21.98622322	21.25561142	1.0
25.33974457	24.30247688	22.36491585	21.70379639	26.70774269	24.07440567	22.49887466	21.52963257	1.0
19.60122108	18.21545982	17.11606216	16.6425209	23.95077515	22.7948513	22.55282784	22.3175621	1.0
22.19449234	21.05000496	20.61815262	20.40714455	17.03376389	16.55846596	16.42319489	16.36361504	1.0
22.1671524	20.70687675	19.80006027	19.40577888	22.05059242	20.59254837	20.7000103	20.71326447	1.0
24.46481323	22.98594666	22.51181602	22.07878494	24.51192474	23.132061	21.73336029	21.06980896	1.0
24.2527523	22.96879578	21.30376816	20.55500984	19.09399986	17.80495262	17.23592567	16.96980476	1.0
23.30935097	21.74200821	20.0909462	19.31517982	23.54384422	21.92897606	19.95662498	19.07011986	1.0
24.6719017	23.43554878	22.59610367	22.26200294	23.07110977	21.53256035	20.92014885	20.58824158	1.0
22.10972023	20.50501633	18.83678436	18.12606812	19.38487434	18.91807175	18.76347923	18.70946503	1.0
21.24516869	20.91128159	20.83774185	20.78452682	21.083004	19.68552399	18.366045	17.79177666	1.0
22.3481102	20.81632614	19.38168335	18.75462914	20.25141144	18.90298462	18.05731583	17.66792107	1.0
21.57296753	20.01143265	18.6345787	18.04745865	23.02582169	21.55044174	20.34863663	19.8525238	1.0
21.5509758	21.05333519	20.89663315	20.8147068	20.8055172	20.4771595	20.4040184	20.3921032	1.0
22.85892868	21.45101738	20.15173721	19.58445168	21.8158741	21.81212234	21.77416801	21.49005127	1.0
18.79957199	17.86559296	17.51738739	17.32019234	24.09662628	23.0057869	22.69286919	22.32399559	1.0
22.04556656	21.52205849	21.33797455	21.25461197	23.04843903	21.83050156	21.28415489	20.97191238	1.0
20.92995262	20.36197281	20.16442871	20.09421158	21.07393265	20.42241287	20.1975956	20.04201698	1.0
24.48223877	22.86865997	21.25508118	20.6097374	22.70305634	22.2040844	22.0226841	21.91459465	1.0
19.8379612	19.25583267	19.0913887	19.0118103	22.0785675	21.05144501	20.64907646	20.44432831	1.0
18.94182968	17.64319801	17.02733612	16.74549866	20.97467995	19.63544655	19.08175087	18.81916046	1.0
19.91687775	19.60512924	19.52992439	19.51368332	20.7430706	20.32471848	20.20235252	20.16492081	1.0
24.37873268	23.1294899	22.57340431	22.28840637	22.80760765	22.03742409	21.79926872	21.61556816	1.0
21.13088036	19.98706627	19.64653206	19.44511986	24.07657242	22.52568817	21.35233688	20.84062576	1.0
22.71875191	21.65548134	21.23683929	21.02359962	20.7299633	19.28153038	18.24108696	17.80015755	1.0
19.90033531	19.61788177	19.5586071	19.54506111	22.64246178	22.6256218	22.74914932	22.47102165	1.0
19.74393463	18.44156837	17.9033947	17.63802528	25.81537819	24.72035789	22.59424973	21.60747719	1.0
25.19597816	23.17936325	21.44501686	20.78042221	22.08211899	21.56820297	21.45365715	21.40697479	1.0
19.70180702	19.18196869	19.01170349	18.94454002	22.2250843	21.8163681	21.71294975	21.57469559	1.0
19.56341743	19.10614014	18.96363258	18.90074539	21.40601921	19.94022179	19.01110458	18.62121201	1.0
22.12789726	20.77128792	19.70982933	19.26667595	21.95331001	20.50976944	19.53007698	19.13604546	1.0
22.52387238	22.39627075	22.03643036	22.09700012	15.43165207	15.61264801	17.40453529	16.89127541	1.0
20.52713394	20.39518929	20.20147514	20.18335533	25.03788185	23.6057148	22.15849876	21.54200935	1.0
23.32011604	21.68948936	20.89857864	20.55898857	20.9112339	20.96699905	20.74861526	20.80792427	1.0
18.90716362	17.86112785	17.51633072	17.33280945	19.14502907	17.69567299	16.84539604	16.47821426	1.0
16.89676857	16.46582603	16.33502579	16.28655815	20.32899284	19.71960449	19.52237892	19.42970467	1.0
23.83156967	22.29648399	21.06324387	20.49592972	23.70721054	23.17111015	22.99033737	22.94642639	1.0
21.51243401	20.56103516	20.26439095	20.10419846	23.00284386	22.23005867	20.83370399	20.09011459	1.0
20.08315086	18.51910019	17.15391541	16.57555962	24.51079941	22.93959808	22.43714523	22.11948395	1.0
24.49904442	22.52214813	20.69860458	19.99451447	20.03082275	18.64412498	17.87482643	17.54162788	1.0
21.32778168	20.34527016	19.98386002	19.80039406	20.24274254	18.88895035	18.28784943	18.01381111	1.0
19.34038734	17.98400307	17.37419701	17.08379364	21.95128632	20.31541443	18.7846489	18.13981247	1.0
22.66166687	21.33115387	20.3644352	19.92950821	23.37961769	22.68219948	22.34090614	22.20512772	1.0
20.38034248	20.07190132	20.01631737	20.01531792	17.12363052	16.63919258	16.50522995	16.45760345	1.0
24.62874031	22.75327492	20.93379402	20.18698883	20.79743004	20.49587631	20.42364502	20.42918205	1.0
21.91457939	20.55344009	19.61610603	19.25173187	26.37418938	24.69733238	22.86970329	22.26029015	1.0
23.55694199	21.97765541	20.69481277	20.12638474	20.71831512	20.41424942	20.33123207	20.3449192	1.0
21.07393265	20.42241287	20.1975956	20.04201698	19.92842674	18.78776932	18.39829636	18.2043457	1.0
22.09379387	20.51699448	19.24606705	18.71160889	22.73967361	21.35133553	20.67180824	20.30316162	1.0
24.07585335	22.66826057	21.94543648	21.7291851	20.51786613	19.21026611	18.69674873	18.44054222	1.0
23.74747276	22.74019814	22.19133186	21.95213699	22.79648399	21.39403915	20.71714401	20.41008377	1.0
20.08468437	19.57143211	19.42644882	19.34985161	19.93330383	19.38055801	19.18717766	19.08430099	1.0
